sec"    "mA"    "mV
0,053    -0,00124263903126121    98,4698791503906
0,057    -0,00124263903126121    98,4698791503906
0,061    -0,00124263903126121    98,4698791503906
0,065    0,0466810576617718    941,469665527344
0,069    0,0466810576617718    941,469665527344
0,073    0,0466810576617718    941,469665527344
0,077    0,0466810576617718    941,469665527344
0,081    0,0466810576617718    941,469665527344
0,085    0,0466810576617718    941,469665527344
0,089    0,0466810576617718    941,469665527344
0,093    0,0466810576617718    941,469665527344
0,097    0,0466810576617718    941,469665527344
0,101    0,0466810576617718    941,469665527344
0,105    0,0466810576617718    941,469665527344
0,109    0,0466810576617718    941,469665527344
0,113    0,0932227075099945    1898,77673339844
0,117    0,0932227075099945    1898,77673339844
0,121    0,0932227075099945    1898,77673339844
0,125    0,0932227075099945    1898,77673339844
0,129    0,0932227075099945    1898,77673339844
0,133    0,0932227075099945    1898,77673339844
0,137    0,0932227075099945    1898,77673339844
0,141    0,0932227075099945    1898,77673339844
0,145    0,0932227075099945    1898,77673339844
0,149    0,0932227075099945    1898,77673339844
0,153    0,0932227075099945    1898,77673339844
0,157    0,0932227075099945    1898,77673339844
0,16    0,0932227075099945    1898,77673339844
0,164    0,0932227075099945    2096,32861328125
0,168    0,0932227075099945    2096,32861328125
0,172    0,0932227075099945    2096,32861328125
0,176    0,0932227075099945    2096,32861328125
0,18    0,0932227075099945    2096,32861328125
0,184    0,0932227075099945    2096,32861328125
0,188    0,0932227075099945    2096,32861328125
0,192    0,0932227075099945    2096,32861328125
0,196    0,0932227075099945    2096,32861328125
0,2    0,0932227075099945    2096,32861328125
0,204    0,0932227075099945    2096,32861328125
0,208    0,0932227075099945    2096,32861328125
0,212    0,0932227075099945    2096,32861328125
0,216    0,0932227075099945    2207,76684570313
0,22    0,0932227075099945    2207,76684570313
0,224    0,0932227075099945    2207,76684570313
0,228    0,0932227075099945    2207,76684570313
0,232    0,0932227075099945    2207,76684570313
0,236    0,0932227075099945    2207,76684570313
0,24    0,0932227075099945    2207,76684570313
0,243    0,0932227075099945    2207,76684570313
0,247    0,0932227075099945    2207,76684570313
0,251    0,0932227075099945    2207,76684570313
0,255    0,0932227075099945    2207,76684570313
0,259    0,0932227075099945    2207,76684570313
0,263    0,0932227075099945    2207,76684570313
0,267    0,0932227075099945    2207,76684570313
0,271    0,0932227075099945    2207,76684570313
0,275    0,0932227075099945    2207,76684570313
0,279    0,0932227075099945    2207,76684570313
0,283    0,0932227075099945    2207,76684570313
0,287    0,0932227075099945    2207,76684570313
0,291    0,0932227075099945    2207,76684570313
0,295    0,0932227075099945    2207,76684570313
0,299    0,0932227075099945    2207,76684570313
0,303    0,0932227075099945    2207,76684570313
0,307    0,0932227075099945    2207,76684570313
0,311    0,0932227075099945    2207,76684570313
0,315    0,0932227075099945    2346,8642578125
0,319    0,0932227075099945    2346,8642578125
0,323    0,0932227075099945    2346,8642578125
0,327    0,0932227075099945    2346,8642578125
0,33    0,0932227075099945    2346,8642578125
0,334    0,0932227075099945    2346,8642578125
0,338    0,0932227075099945    2346,8642578125
0,342    0,0932227075099945    2346,8642578125
0,346    0,0932227075099945    2346,8642578125
0,35    0,0932227075099945    2346,8642578125
0,354    0,0932227075099945    2346,8642578125
0,358    0,0932227075099945    2346,8642578125
0,362    0,0932227075099945    2346,8642578125
0,366    0,0932227075099945    2396,97924804688
0,37    0,0932227075099945    2396,97924804688
0,374    0,0932227075099945    2396,97924804688
0,378    0,0932227075099945    2396,97924804688
0,382    0,0932227075099945    2396,97924804688
0,386    0,0932227075099945    2396,97924804688
0,39    0,0932227075099945    2396,97924804688
0,394    0,0932227075099945    2396,97924804688
0,398    0,0932227075099945    2396,97924804688
0,402    0,0932227075099945    2396,97924804688
0,406    0,0932227075099945    2396,97924804688
0,41    0,0932227075099945    2396,97924804688
0,414    0,0932227075099945    2396,97924804688
0,418    0,0933039411902428    2440,16967773438
0,422    0,0933039411902428    2440,16967773438
0,426    0,0933039411902428    2440,16967773438
0,43    0,0933039411902428    2440,16967773438
0,433    0,0933039411902428    2440,16967773438
0,437    0,0933039411902428    2440,16967773438
0,441    0,0933039411902428    2440,16967773438
0,445    0,0933039411902428    2440,16967773438
0,449    0,0933039411902428    2440,16967773438
0,453    0,0933039411902428    2440,16967773438
0,457    0,0933039411902428    2440,16967773438
0,461    0,0933039411902428    2440,16967773438
0,465    0,0933039411902428    2440,16967773438
0,469    0,0933039411902428    2440,16967773438
0,473    0,0933039411902428    2440,16967773438
0,477    0,0933039411902428    2440,16967773438
0,481    0,0933039411902428    2440,16967773438
0,485    0,0933039411902428    2440,16967773438
0,489    0,0933039411902428    2440,16967773438
0,493    0,0933039411902428    2440,16967773438
0,497    0,0933039411902428    2440,16967773438
0,501    0,0933039411902428    2440,16967773438
0,505    0,0933039411902428    2440,16967773438
0,509    0,0933039411902428    2440,16967773438
0,513    0,0933039411902428    2440,16967773438
0,517    0,0932227075099945    2512,2431640625
0,521    0,0932227075099945    2512,2431640625
0,524    0,0932227075099945    2512,2431640625
0,528    0,0932227075099945    2512,2431640625
0,532    0,0932227075099945    2512,2431640625
0,536    0,0932227075099945    2512,2431640625
0,54    0,0932227075099945    2512,2431640625
0,544    0,0932227075099945    2512,2431640625
0,548    0,0932227075099945    2512,2431640625
0,552    0,0932227075099945    2512,2431640625
0,556    0,0932227075099945    2512,2431640625
0,56    0,0932227075099945    2512,2431640625
0,564    0,0932227075099945    2512,2431640625
0,568    0,0932227075099945    2542,92407226563
0,572    0,0932227075099945    2542,92407226563
0,576    0,0932227075099945    2542,92407226563
0,58    0,0932227075099945    2542,92407226563
0,584    0,0932227075099945    2542,92407226563
0,588    0,0932227075099945    2542,92407226563
0,592    0,0932227075099945    2542,92407226563
0,596    0,0932227075099945    2542,92407226563
0,6    0,0932227075099945    2542,92407226563
0,604    0,0932227075099945    2542,92407226563
0,608    0,0932227075099945    2542,92407226563
0,611    0,0932227075099945    2542,92407226563
0,615    0,0932227075099945    2542,92407226563
0,619    0,0933039411902428    2571,15649414063
0,623    0,0933039411902428    2571,15649414063
0,627    0,0933039411902428    2571,15649414063
0,631    0,0933039411902428    2571,15649414063
0,635    0,0933039411902428    2571,15649414063
0,639    0,0933039411902428    2571,15649414063
0,643    0,0933039411902428    2571,15649414063
0,647    0,0933039411902428    2571,15649414063
0,651    0,0933039411902428    2571,15649414063
0,655    0,0933039411902428    2571,15649414063
0,659    0,0933039411902428    2571,15649414063
0,663    0,0933039411902428    2571,15649414063
0,667    0,0933039411902428    2571,15649414063
0,671    0,0933039411902428    2597,32348632813
0,675    0,0933039411902428    2597,32348632813
0,679    0,0933039411902428    2597,32348632813
0,683    0,0933039411902428    2597,32348632813
0,687    0,0933039411902428    2597,32348632813
0,691    0,0933039411902428    2597,32348632813
0,695    0,0933039411902428    2597,32348632813
0,698    0,0933039411902428    2597,32348632813
0,702    0,0933039411902428    2597,32348632813
0,706    0,0933039411902428    2597,32348632813
0,71    0,0933039411902428    2597,32348632813
0,714    0,0933039411902428    2597,32348632813
0,718    0,0932227075099945    2621,57739257813
0,722    0,0932227075099945    2621,57739257813
0,726    0,0932227075099945    2621,57739257813
0,73    0,0932227075099945    2621,57739257813
0,734    0,0932227075099945    2621,57739257813
0,738    0,0932227075099945    2621,57739257813
0,742    0,0932227075099945    2621,57739257813
0,746    0,0932227075099945    2621,57739257813
0,75    0,0932227075099945    2621,57739257813
0,754    0,0932227075099945    2621,57739257813
0,758    0,0932227075099945    2621,57739257813
0,762    0,0932227075099945    2621,57739257813
0,766    0,0932227075099945    2621,57739257813
0,77    0,0932227075099945    2644,07202148438
0,774    0,0932227075099945    2644,07202148438
0,778    0,0932227075099945    2644,07202148438
0,782    0,0932227075099945    2644,07202148438
0,786    0,0932227075099945    2644,07202148438
0,79    0,0932227075099945    2644,07202148438
0,794    0,0932227075099945    2644,07202148438
0,797    0,0932227075099945    2644,07202148438
0,801    0,0932227075099945    2644,07202148438
0,805    0,0932227075099945    2644,07202148438
0,809    0,0932227075099945    2644,07202148438
0,813    0,0932227075099945    2644,07202148438
0,817    0,0932227075099945    2644,07202148438
0,821    0,0932227075099945    2664,99755859375
0,825    0,0932227075099945    2664,99755859375
0,829    0,0932227075099945    2664,99755859375
0,833    0,0932227075099945    2664,99755859375
0,837    0,0932227075099945    2664,99755859375
0,841    0,0932227075099945    2664,99755859375
0,845    0,0932227075099945    2664,99755859375
0,849    0,0932227075099945    2664,99755859375
0,853    0,0932227075099945    2664,99755859375
0,857    0,0932227075099945    2664,99755859375
0,861    0,0932227075099945    2664,99755859375
0,865    0,0932227075099945    2664,99755859375
0,869    0,0932227075099945    2664,99755859375
0,873    0,0932227075099945    2684,81396484375
0,877    0,0932227075099945    2684,81396484375
0,881    0,0932227075099945    2684,81396484375
0,885    0,0932227075099945    2684,81396484375
0,888    0,0932227075099945    2684,81396484375
0,892    0,0932227075099945    2684,81396484375
0,896    0,0932227075099945    2684,81396484375
0,9    0,0932227075099945    2684,81396484375
0,904    0,0932227075099945    2684,81396484375
0,908    0,0932227075099945    2684,81396484375
0,912    0,0932227075099945    2684,81396484375
0,916    0,0932227075099945    2684,81396484375
0,92    0,0932227075099945    2703,40625
0,924    0,0932227075099945    2703,40625
0,928    0,0932227075099945    2703,40625
0,932    0,0932227075099945    2703,40625
0,936    0,0932227075099945    2703,40625
0,94    0,0932227075099945    2703,40625
0,944    0,0932227075099945    2703,40625
0,948    0,0932227075099945    2703,40625
0,952    0,0932227075099945    2703,40625
0,956    0,0932227075099945    2703,40625
0,96    0,0932227075099945    2703,40625
0,964    0,0932227075099945    2703,40625
0,968    0,0932227075099945    2703,40625
0,971    0,0932227075099945    2720,96557617188
0,975    0,0932227075099945    2720,96557617188
0,979    0,0932227075099945    2720,96557617188
0,983    0,0932227075099945    2720,96557617188
0,987    0,0932227075099945    2720,96557617188
0,991    0,0932227075099945    2720,96557617188
0,995    0,0932227075099945    2720,96557617188
0,999    0,0932227075099945    2720,96557617188
1,003    0,0932227075099945    2720,96557617188
1,007    0,0932227075099945    2720,96557617188
1,011    0,0932227075099945    2720,96557617188
1,015    0,0932227075099945    2720,96557617188
1,019    0,0932227075099945    2720,96557617188
1,023    0,0933039411902428    2737,45361328125
1,027    0,0933039411902428    2737,45361328125
1,031    0,0933039411902428    2737,45361328125
1,035    0,0933039411902428    2737,45361328125
1,039    0,0933039411902428    2737,45361328125
1,043    0,0933039411902428    2737,45361328125
1,047    0,0933039411902428    2737,45361328125
1,051    0,0933039411902428    2737,45361328125
1,055    0,0933039411902428    2737,45361328125
1,059    0,0933039411902428    2737,45361328125
1,062    0,0933039411902428    2737,45361328125
1,066    0,0933039411902428    2737,45361328125
1,07    0,0933039411902428    2737,45361328125
1,074    0,0933039411902428    2752,755859375
1,078    0,0933039411902428    2752,755859375
1,082    0,0933039411902428    2752,755859375
1,086    0,0933039411902428    2752,755859375
1,09    0,0933039411902428    2752,755859375
1,094    0,0933039411902428    2752,755859375
1,098    0,0933039411902428    2752,755859375
1,102    0,0933039411902428    2752,755859375
1,106    0,0933039411902428    2752,755859375
1,11    0,0933039411902428    2752,755859375
1,114    0,0933039411902428    2752,755859375
1,118    0,0933039411902428    2752,755859375
1,122    0,0932227075099945    2767,13989257813
1,126    0,0932227075099945    2767,13989257813
1,13    0,0932227075099945    2767,13989257813
1,133    0,0932227075099945    2767,13989257813
1,137    0,0932227075099945    2767,13989257813
1,141    0,0932227075099945    2767,13989257813
1,145    0,0932227075099945    2767,13989257813
1,149    0,0932227075099945    2767,13989257813
1,153    0,0932227075099945    2767,13989257813
1,157    0,0932227075099945    2767,13989257813
1,161    0,0932227075099945    2767,13989257813
1,165    0,0932227075099945    2767,13989257813
1,169    0,0932227075099945    2767,13989257813
1,173    0,0931414738297462    2780,68237304688
1,177    0,0931414738297462    2780,68237304688
1,181    0,0931414738297462    2780,68237304688
1,185    0,0931414738297462    2780,68237304688
1,189    0,0931414738297462    2780,68237304688
1,193    0,0931414738297462    2780,68237304688
1,197    0,0931414738297462    2780,68237304688
1,201    0,0931414738297462    2780,68237304688
1,205    0,0931414738297462    2780,68237304688
1,209    0,0931414738297462    2780,68237304688
1,213    0,0931414738297462    2780,68237304688
1,217    0,0931414738297462    2780,68237304688
1,221    0,0931414738297462    2780,68237304688
1,224    0,0932227075099945    2793,57446289063
1,228    0,0932227075099945    2793,57446289063
1,232    0,0932227075099945    2793,57446289063
1,236    0,0932227075099945    2793,57446289063
1,24    0,0932227075099945    2793,57446289063
1,244    0,0932227075099945    2793,57446289063
1,248    0,0932227075099945    2793,57446289063
1,252    0,0932227075099945    2793,57446289063
1,256    0,0932227075099945    2793,57446289063
1,26    0,0932227075099945    2793,57446289063
1,264    0,0932227075099945    2793,57446289063
1,268    0,0932227075099945    2793,57446289063
1,272    0,0932227075099945    2793,57446289063
1,276    0,0933039411902428    2805,31909179688
1,28    0,0933039411902428    2805,31909179688
1,284    0,0933039411902428    2805,31909179688
1,288    0,0933039411902428    2805,31909179688
1,292    0,0933039411902428    2805,31909179688
1,296    0,0933039411902428    2805,31909179688
1,3    0,0933039411902428    2805,31909179688
1,304    0,0933039411902428    2805,31909179688
1,308    0,0933039411902428    2805,31909179688
1,312    0,0933039411902428    2805,31909179688
1,315    0,0933039411902428    2805,31909179688
1,319    0,0933039411902428    2805,31909179688
1,323    0,0932227075099945    2816,06884765625
1,327    0,0932227075099945    2816,06884765625
1,331    0,0932227075099945    2816,06884765625
1,335    0,0932227075099945    2816,06884765625
1,339    0,0932227075099945    2816,06884765625
1,343    0,0932227075099945    2816,06884765625
1,347    0,0932227075099945    2816,06884765625
1,351    0,0932227075099945    2816,06884765625
1,355    0,0932227075099945    2816,06884765625
1,359    0,0932227075099945    2816,06884765625
1,363    0,0932227075099945    2816,06884765625
1,367    0,0932227075099945    2816,06884765625
1,371    0,0932227075099945    2816,06884765625
1,375    0,0932227075099945    2826,359375
1,379    0,0932227075099945    2826,359375
1,383    0,0932227075099945    2826,359375
1,387    0,0932227075099945    2826,359375
1,391    0,0932227075099945    2826,359375
1,394    0,0932227075099945    2826,359375
1,398    0,0932227075099945    2826,359375
1,402    0,0932227075099945    2826,359375
1,406    0,0932227075099945    2826,359375
1,41    0,0932227075099945    2826,359375
1,414    0,0932227075099945    2826,359375
1,418    0,0932227075099945    2826,359375
1,422    0,0932227075099945    2826,359375
1,426    0,0932227075099945    2836,15283203125
1,43    0,0932227075099945    2836,15283203125
1,434    0,0932227075099945    2836,15283203125
1,438    0,0932227075099945    2836,15283203125
1,442    0,0932227075099945    2836,15283203125
1,446    0,0932227075099945    2836,15283203125
1,45    0,0932227075099945    2836,15283203125
1,454    0,0932227075099945    2836,15283203125
1,458    0,0932227075099945    2836,15283203125
1,462    0,0932227075099945    2836,15283203125
1,466    0,0932227075099945    2836,15283203125
1,47    0,0932227075099945    2836,15283203125
1,473    0,0932227075099945    2836,15283203125
1,477    0,0932227075099945    2845,333984375
1,481    0,0932227075099945    2845,333984375
1,485    0,0932227075099945    2845,333984375
1,489    0,0932227075099945    2845,333984375
1,493    0,0932227075099945    2845,333984375
1,497    0,0932227075099945    2845,333984375
1,501    0,0932227075099945    2845,333984375
1,505    0,0932227075099945    2845,333984375
1,509    0,0932227075099945    2845,333984375
1,513    0,0932227075099945    2845,333984375
1,517    0,0932227075099945    2845,333984375
1,521    0,0932227075099945    2845,333984375
1,525    0,0932227075099945    2845,333984375
1,529    0,0932227075099945    2845,333984375
1,533    0,0932227075099945    2845,333984375
1,537    0,0932227075099945    2845,333984375
1,541    0,0932227075099945    2845,333984375
1,545    0,0932227075099945    2845,333984375
1,549    0,0932227075099945    2845,333984375
1,553    0,0932227075099945    2845,333984375
1,556    0,0932227075099945    2845,333984375
1,56    0,0932227075099945    2845,333984375
1,564    0,0932227075099945    2845,333984375
1,568    0,0932227075099945    2845,333984375
1,572    0,0932227075099945    2845,333984375
1,576    0,0931414738297462    2861,3251953125
1,58    0,0931414738297462    2861,3251953125
1,584    0,0931414738297462    2861,3251953125
1,588    0,0931414738297462    2861,3251953125
1,592    0,0931414738297462    2861,3251953125
1,596    0,0931414738297462    2861,3251953125
1,6    0,0931414738297462    2861,3251953125
1,604    0,0931414738297462    2861,3251953125
1,608    0,0931414738297462    2861,3251953125
1,612    0,0931414738297462    2861,3251953125
1,616    0,0931414738297462    2861,3251953125
1,62    0,0931414738297462    2861,3251953125
1,624    0,0931414738297462    2861,3251953125
1,628    0,0933039411902428    2868,3642578125
1,632    0,0933039411902428    2868,3642578125
1,636    0,0933039411902428    2868,3642578125
1,64    0,0933039411902428    2868,3642578125
1,643    0,0933039411902428    2868,3642578125
1,647    0,0933039411902428    2868,3642578125
1,651    0,0933039411902428    2868,3642578125
1,655    0,0933039411902428    2868,3642578125
1,659    0,0933039411902428    2868,3642578125
1,663    0,0933039411902428    2868,3642578125
1,667    0,0933039411902428    2868,3642578125
1,671    0,0933039411902428    2868,3642578125
1,675    0,0933039411902428    2868,3642578125
1,679    0,0933039411902428    2874,82934570313
1,683    0,0933039411902428    2874,82934570313
1,687    0,0933039411902428    2874,82934570313
1,691    0,0933039411902428    2874,82934570313
1,695    0,0933039411902428    2874,82934570313
1,699    0,0933039411902428    2874,82934570313
1,703    0,0933039411902428    2874,82934570313
1,707    0,0933039411902428    2874,82934570313
1,711    0,0933039411902428    2874,82934570313
1,715    0,0933039411902428    2874,82934570313
1,719    0,0933039411902428    2874,82934570313
1,723    0,0933039411902428    2874,82934570313
1,727    0,0933039411902428    2874,82934570313
1,731    0,0933039411902428    2874,82934570313
1,734    0,0933039411902428    2874,82934570313
1,738    0,0933039411902428    2874,82934570313
1,742    0,0933039411902428    2874,82934570313
1,746    0,0933039411902428    2874,82934570313
1,75    0,0933039411902428    2874,82934570313
1,754    0,0933039411902428    2874,82934570313
1,758    0,0933039411902428    2874,82934570313
1,762    0,0933039411902428    2874,82934570313
1,766    0,0933039411902428    2874,82934570313
1,77    0,0933039411902428    2874,82934570313
1,774    0,0933039411902428    2874,82934570313
1,778    0,0931414738297462    2886,53540039063
1,782    0,0931414738297462    2886,53540039063
1,786    0,0931414738297462    2886,53540039063
1,79    0,0931414738297462    2886,53540039063
1,794    0,0931414738297462    2886,53540039063
1,798    0,0931414738297462    2886,53540039063
1,802    0,0931414738297462    2886,53540039063
1,806    0,0931414738297462    2886,53540039063
1,81    0,0931414738297462    2886,53540039063
1,814    0,0931414738297462    2886,53540039063
1,818    0,0931414738297462    2886,53540039063
1,821    0,0931414738297462    2886,53540039063
1,825    0,0931414738297462    2886,53540039063
1,829    0,0932227075099945    2891,2412109375
1,833    0,0932227075099945    2891,2412109375
1,837    0,0932227075099945    2891,2412109375
1,841    0,0932227075099945    2891,2412109375
1,845    0,0932227075099945    2891,2412109375
1,849    0,0932227075099945    2891,2412109375
1,853    0,0932227075099945    2891,2412109375
1,857    0,0932227075099945    2891,2412109375
1,861    0,0932227075099945    2891,2412109375
1,865    0,0932227075099945    2891,2412109375
1,869    0,0932227075099945    2891,2412109375
1,873    0,0932227075099945    2891,2412109375
1,877    0,0932227075099945    2891,2412109375
1,881    0,0932227075099945    2895,33422851563
1,885    0,0932227075099945    2895,33422851563
1,889    0,0932227075099945    2895,33422851563
1,893    0,0932227075099945    2895,33422851563
1,897    0,0932227075099945    2895,33422851563
1,901    0,0932227075099945    2895,33422851563
1,905    0,0932227075099945    2895,33422851563
1,909    0,0932227075099945    2895,33422851563
1,912    0,0932227075099945    2895,33422851563
1,916    0,0932227075099945    2895,33422851563
1,92    0,0932227075099945    2895,33422851563
1,924    0,0932227075099945    2895,33422851563
1,928    0,0932227075099945    2895,33422851563
1,932    0,0932227075099945    2895,33422851563
1,936    0,0932227075099945    2895,33422851563
1,94    0,0932227075099945    2895,33422851563
1,944    0,0932227075099945    2895,33422851563
1,948    0,0932227075099945    2895,33422851563
1,952    0,0932227075099945    2895,33422851563
1,956    0,0932227075099945    2895,33422851563
1,96    0,0932227075099945    2895,33422851563
1,964    0,0932227075099945    2895,33422851563
1,968    0,0932227075099945    2895,33422851563
1,972    0,0932227075099945    2895,33422851563
1,976    0,0932227075099945    2895,33422851563
1,98    0,0931414738297462    2903,40600585938
1,984    0,0931414738297462    2903,40600585938
1,988    0,0931414738297462    2903,40600585938
1,992    0,0931414738297462    2903,40600585938
1,996    0,0931414738297462    2903,40600585938
2    0,0931414738297462    2903,40600585938
2,004    0,0931414738297462    2903,40600585938
2,008    0,0931414738297462    2903,40600585938
2,011    0,0931414738297462    2903,40600585938
2,015    0,0931414738297462    2903,40600585938
2,019    0,0931414738297462    2903,40600585938
2,023    0,0931414738297462    2903,40600585938
2,027    0,0931414738297462    2903,40600585938
2,031    0,0931414738297462    2906,7724609375
2,035    0,0931414738297462    2906,7724609375
2,039    0,0931414738297462    2906,7724609375
2,043    0,0931414738297462    2906,7724609375
2,047    0,0931414738297462    2906,7724609375
2,051    0,0931414738297462    2906,7724609375
2,055    0,0931414738297462    2906,7724609375
2,059    0,0931414738297462    2906,7724609375
2,063    0,0931414738297462    2906,7724609375
2,067    0,0931414738297462    2906,7724609375
2,071    0,0931414738297462    2906,7724609375
2,075    0,0931414738297462    2906,7724609375
2,079    0,0931414738297462    2906,7724609375
2,083    0,0931414738297462    2910,40698242188
2,087    0,0931414738297462    2910,40698242188
2,09    0,0931414738297462    2910,40698242188
2,094    0,0931414738297462    2910,40698242188
2,098    0,0931414738297462    2910,40698242188
2,102    0,0931414738297462    2910,40698242188
2,106    0,0931414738297462    2910,40698242188
2,11    0,0931414738297462    2910,40698242188
2,114    0,0931414738297462    2910,40698242188
2,118    0,0931414738297462    2910,40698242188
2,122    0,0931414738297462    2910,40698242188
2,126    0,0931414738297462    2910,40698242188
2,13    0,0931414738297462    2910,40698242188
2,134    0,0932227075099945    2913,65869140625
2,138    0,0932227075099945    2913,65869140625
2,142    0,0932227075099945    2913,65869140625
2,146    0,0932227075099945    2913,65869140625
2,15    0,0932227075099945    2913,65869140625
2,154    0,0932227075099945    2913,65869140625
2,158    0,0932227075099945    2913,65869140625
2,162    0,0932227075099945    2913,65869140625
2,166    0,0932227075099945    2913,65869140625
2,17    0,0932227075099945    2913,65869140625
2,173    0,0932227075099945    2913,65869140625
2,177    0,0932227075099945    2913,65869140625
2,181    0,0932227075099945    2915,87744140625
2,185    0,0932227075099945    2915,87744140625
2,189    0,0932227075099945    2915,87744140625
2,193    0,0932227075099945    2915,87744140625
2,197    0,0932227075099945    2915,87744140625
2,201    0,0932227075099945    2915,87744140625
2,205    0,0932227075099945    2915,87744140625
2,209    0,0932227075099945    2915,87744140625
2,213    0,0932227075099945    2915,87744140625
2,217    0,0932227075099945    2915,87744140625
2,221    0,0932227075099945    2915,87744140625
2,225    0,0932227075099945    2915,87744140625
2,229    0,0932227075099945    2915,87744140625
2,233    0,0932227075099945    2917,56103515625
2,237    0,0932227075099945    2917,56103515625
2,241    0,0932227075099945    2917,56103515625
2,245    0,0932227075099945    2917,56103515625
2,249    0,0932227075099945    2917,56103515625
2,252    0,0932227075099945    2917,56103515625
2,256    0,0932227075099945    2917,56103515625
2,26    0,0932227075099945    2917,56103515625
2,264    0,0932227075099945    2917,56103515625
2,268    0,0932227075099945    2917,56103515625
2,272    0,0932227075099945    2917,56103515625
2,276    0,0932227075099945    2917,56103515625
2,28    0,0932227075099945    2917,56103515625
2,284    0,0932227075099945    2918,6318359375
2,288    0,0932227075099945    2918,6318359375
2,292    0,0932227075099945    2918,6318359375
2,296    0,0932227075099945    2918,6318359375
2,3    0,0932227075099945    2918,6318359375
2,304    0,0932227075099945    2918,6318359375
2,308    0,0932227075099945    2918,6318359375
2,312    0,0932227075099945    2918,6318359375
2,316    0,0932227075099945    2918,6318359375
2,32    0,0932227075099945    2918,6318359375
2,324    0,0932227075099945    2918,6318359375
2,328    0,0932227075099945    2918,6318359375
2,331    0,0932227075099945    2918,6318359375
2,335    0,0932227075099945    2919,74145507813
2,339    0,0932227075099945    2919,74145507813
2,343    0,0932227075099945    2919,74145507813
2,347    0,0932227075099945    2919,74145507813
2,351    0,0932227075099945    2919,74145507813
2,355    0,0932227075099945    2919,74145507813
2,359    0,0932227075099945    2919,74145507813
2,363    0,0932227075099945    2919,74145507813
2,367    0,0932227075099945    2919,74145507813
2,371    0,0932227075099945    2919,74145507813
2,375    0,0932227075099945    2919,74145507813
2,379    0,0932227075099945    2919,74145507813
2,383    0,0931414738297462    2921,08032226563
2,387    0,0931414738297462    2921,08032226563
2,391    0,0931414738297462    2921,08032226563
2,395    0,0931414738297462    2921,08032226563
2,399    0,0931414738297462    2921,08032226563
2,403    0,0931414738297462    2921,08032226563
2,407    0,0931414738297462    2921,08032226563
2,411    0,0931414738297462    2921,08032226563
2,414    0,0931414738297462    2921,08032226563
2,418    0,0931414738297462    2921,08032226563
2,422    0,0931414738297462    2921,08032226563
2,426    0,0931414738297462    2921,08032226563
2,43    0,0931414738297462    2921,08032226563
2,434    0,0931414738297462    2922,07470703125
2,438    0,0931414738297462    2922,07470703125
2,442    0,0931414738297462    2922,07470703125
2,446    0,0931414738297462    2922,07470703125
2,45    0,0931414738297462    2922,07470703125
2,454    0,0931414738297462    2922,07470703125
2,458    0,0931414738297462    2922,07470703125
2,462    0,0931414738297462    2922,07470703125
2,466    0,0931414738297462    2922,07470703125
2,47    0,0931414738297462    2922,07470703125
2,474    0,0931414738297462    2922,07470703125
2,478    0,0931414738297462    2922,07470703125
2,482    0,0931414738297462    2922,07470703125
2,486    0,0932227075099945    2922,5341796875
2,49    0,0932227075099945    2922,5341796875
2,493    0,0932227075099945    2922,5341796875
2,497    0,0932227075099945    2922,5341796875
2,501    0,0932227075099945    2922,5341796875
2,505    0,0932227075099945    2922,5341796875
2,509    0,0932227075099945    2922,5341796875
2,513    0,0932227075099945    2922,5341796875
2,517    0,0932227075099945    2922,5341796875
2,521    0,0932227075099945    2922,5341796875
2,525    0,0932227075099945    2922,5341796875
2,529    0,0932227075099945    2922,5341796875
2,533    0,0932227075099945    2922,5341796875
2,537    0,0932227075099945    2923,37573242188
2,541    0,0932227075099945    2923,37573242188
2,545    0,0932227075099945    2923,37573242188
2,549    0,0932227075099945    2923,37573242188
2,553    0,0932227075099945    2923,37573242188
2,557    0,0932227075099945    2923,37573242188
2,561    0,0932227075099945    2923,37573242188
2,565    0,0932227075099945    2923,37573242188
2,569    0,0932227075099945    2923,37573242188
2,573    0,0932227075099945    2923,37573242188
2,576    0,0932227075099945    2923,37573242188
2,58    0,0932227075099945    2923,37573242188
2,584    0,0932227075099945    2923,37573242188
2,588    0,0932227075099945    2923,37573242188
2,592    0,0932227075099945    2923,37573242188
2,596    0,0932227075099945    2923,37573242188
2,6    0,0932227075099945    2923,37573242188
2,604    0,0932227075099945    2923,37573242188
2,608    0,0932227075099945    2923,37573242188
2,612    0,0932227075099945    2923,37573242188
2,616    0,0932227075099945    2923,37573242188
2,62    0,0932227075099945    2923,37573242188
2,624    0,0932227075099945    2923,37573242188
2,628    0,0932227075099945    2923,37573242188
2,632    0,0932227075099945    2923,37573242188
2,636    0,0932227075099945    2925,8623046875
2,64    0,0932227075099945    2925,8623046875
2,644    0,0932227075099945    2925,8623046875
2,648    0,0932227075099945    2925,8623046875
2,652    0,0932227075099945    2925,8623046875
2,655    0,0932227075099945    2925,8623046875
2,659    0,0932227075099945    2925,8623046875
2,663    0,0932227075099945    2925,8623046875
2,667    0,0932227075099945    2925,8623046875
2,671    0,0932227075099945    2925,8623046875
2,675    0,0932227075099945    2925,8623046875
2,679    0,0932227075099945    2925,8623046875
2,683    0,0932227075099945    2925,8623046875
2,687    0,0933039411902428    2926,81860351563
2,691    0,0933039411902428    2926,81860351563
2,695    0,0933039411902428    2926,81860351563
2,699    0,0933039411902428    2926,81860351563
2,703    0,0933039411902428    2926,81860351563
2,707    0,0933039411902428    2926,81860351563
2,711    0,0933039411902428    2926,81860351563
2,715    0,0933039411902428    2926,81860351563
2,719    0,0933039411902428    2926,81860351563
2,723    0,0933039411902428    2926,81860351563
2,727    0,0933039411902428    2926,81860351563
2,731    0,0933039411902428    2926,81860351563
2,735    0,0933039411902428    2926,81860351563
2,739    0,0933039411902428    2927,08666992188
2,742    0,0933039411902428    2927,08666992188
2,746    0,0933039411902428    2927,08666992188
2,75    0,0933039411902428    2927,08666992188
2,754    0,0933039411902428    2927,08666992188
2,758    0,0933039411902428    2927,08666992188
2,762    0,0933039411902428    2927,08666992188
2,766    0,0933039411902428    2927,08666992188
2,77    0,0933039411902428    2927,08666992188
2,774    0,0933039411902428    2927,08666992188
2,778    0,0933039411902428    2927,08666992188
2,782    0,0933039411902428    2927,08666992188
2,786    0,0933039411902428    2927,08666992188
2,79    0,0931414738297462    2927,392578125
2,794    0,0931414738297462    2927,392578125
2,798    0,0931414738297462    2927,392578125
2,802    0,0931414738297462    2927,392578125
2,806    0,0931414738297462    2927,392578125
2,81    0,0931414738297462    2927,392578125
2,814    0,0931414738297462    2927,392578125
2,818    0,0931414738297462    2927,392578125
2,821    0,0931414738297462    2927,392578125
2,825    0,0931414738297462    2927,392578125
2,829    0,0931414738297462    2927,392578125
2,833    0,0931414738297462    2927,392578125
2,837    0,0931414738297462    2928,46362304688
2,841    0,0931414738297462    2928,46362304688
2,845    0,0931414738297462    2928,46362304688
2,849    0,0931414738297462    2928,46362304688
2,853    0,0931414738297462    2928,46362304688
2,857    0,0931414738297462    2928,46362304688
2,861    0,0931414738297462    2928,46362304688
2,865    0,0931414738297462    2928,46362304688
2,869    0,0931414738297462    2928,46362304688
2,873    0,0931414738297462    2928,46362304688
2,877    0,0931414738297462    2928,46362304688
2,881    0,0931414738297462    2928,46362304688
2,885    0,0931414738297462    2928,46362304688
2,889    0,0932227075099945    2929,07568359375
2,893    0,0932227075099945    2929,07568359375
2,897    0,0932227075099945    2929,07568359375
2,901    0,0932227075099945    2929,07568359375
2,904    0,0932227075099945    2929,07568359375
2,908    0,0932227075099945    2929,07568359375
2,912    0,0932227075099945    2929,07568359375
2,916    0,0932227075099945    2929,07568359375
2,92    0,0932227075099945    2929,07568359375
2,924    0,0932227075099945    2929,07568359375
2,928    0,0932227075099945    2929,07568359375
2,932    0,0932227075099945    2929,07568359375
2,936    0,0932227075099945    2929,07568359375
2,94    0,0932227075099945    2929,30517578125
2,944    0,0932227075099945    2929,30517578125
2,948    0,0932227075099945    2929,30517578125
2,952    0,0932227075099945    2929,30517578125
2,956    0,0932227075099945    2929,30517578125
2,96    0,0932227075099945    2929,30517578125
2,964    0,0932227075099945    2929,30517578125
2,968    0,0932227075099945    2929,30517578125
2,972    0,0932227075099945    2929,30517578125
2,976    0,0932227075099945    2929,30517578125
2,98    0,0932227075099945    2929,30517578125
2,983    0,0932227075099945    2929,30517578125
2,987    0,0932227075099945    2929,30517578125
2,991    0,0932227075099945    2929,53491210938
2,995    0,0932227075099945    2929,53491210938
2,999    0,0932227075099945    2929,53491210938
3,003    0,0932227075099945    2929,53491210938
3,007    0,0932227075099945    2929,53491210938
3,011    0,0932227075099945    2929,53491210938
3,015    0,0932227075099945    2929,53491210938
3,019    0,0932227075099945    2929,53491210938
3,023    0,0932227075099945    2929,53491210938
3,027    0,0932227075099945    2929,53491210938
3,031    0,0932227075099945    2929,53491210938
3,035    0,0932227075099945    2929,53491210938
3,039    0,0932227075099945    2929,19067382813
3,043    0,0932227075099945    2929,19067382813
3,047    0,0932227075099945    2929,19067382813
3,051    0,0932227075099945    2929,19067382813
3,055    0,0932227075099945    2929,19067382813
3,058    0,0932227075099945    2929,19067382813
3,062    0,0932227075099945    2929,19067382813
3,066    0,0932227075099945    2929,19067382813
3,07    0,0932227075099945    2929,19067382813
3,074    0,0932227075099945    2929,19067382813
3,078    0,0932227075099945    2929,19067382813
3,082    0,0932227075099945    2929,19067382813
3,086    0,0932227075099945    2929,19067382813
3,09    0,0931414738297462    2928,42529296875
3,094    0,0931414738297462    2928,42529296875
3,098    0,0931414738297462    2928,42529296875
3,102    0,0931414738297462    2928,42529296875
3,106    0,0931414738297462    2928,42529296875
3,11    0,0931414738297462    2928,42529296875
3,114    0,0931414738297462    2928,42529296875
3,118    0,0931414738297462    2928,42529296875
3,122    0,0931414738297462    2928,42529296875
3,126    0,0931414738297462    2928,42529296875
3,13    0,0931414738297462    2928,42529296875
3,133    0,0931414738297462    2928,42529296875
3,137    0,0931414738297462    2928,42529296875
3,141    0,0931414738297462    2927,62182617188
3,145    0,0931414738297462    2927,62182617188
3,149    0,0931414738297462    2927,62182617188
3,153    0,0931414738297462    2927,62182617188
3,157    0,0931414738297462    2927,62182617188
3,161    0,0931414738297462    2927,62182617188
3,165    0,0931414738297462    2927,62182617188
3,169    0,0931414738297462    2927,62182617188
3,173    0,0931414738297462    2927,62182617188
3,177    0,0931414738297462    2927,62182617188
3,181    0,0931414738297462    2927,62182617188
3,185    0,0931414738297462    2927,62182617188
3,189    0,0931414738297462    2927,62182617188
3,193    0,0930591970682144    2926,78051757813
3,197    0,0930591970682144    2926,78051757813
3,201    0,0930591970682144    2926,78051757813
3,205    0,0930591970682144    2926,78051757813
3,209    0,0930591970682144    2926,78051757813
3,213    0,0930591970682144    2926,78051757813
3,216    0,0930591970682144    2926,78051757813
3,22    0,0930591970682144    2926,78051757813
3,224    0,0930591970682144    2926,78051757813
3,228    0,0930591970682144    2926,78051757813
3,232    0,0930591970682144    2926,78051757813
3,236    0,0930591970682144    2926,78051757813
3,24    0,0930591970682144    2926,78051757813
3,244    0,0930591970682144    2926,78051757813
3,248    0,0930591970682144    2926,78051757813
3,252    0,0930591970682144    2926,78051757813
3,256    0,0930591970682144    2926,78051757813
3,26    0,0930591970682144    2926,78051757813
3,264    0,0930591970682144    2926,78051757813
3,268    0,0930591970682144    2926,78051757813
3,272    0,0930591970682144    2926,78051757813
3,276    0,0930591970682144    2926,78051757813
3,28    0,0930591970682144    2926,78051757813
3,284    0,0930591970682144    2926,78051757813
3,288    0,0930591970682144    2926,78051757813
3,292    0,0931414738297462    2924,17895507813
3,296    0,0931414738297462    2924,17895507813
3,3    0,0931414738297462    2924,17895507813
3,304    0,0931414738297462    2924,17895507813
3,307    0,0931414738297462    2924,17895507813
3,311    0,0931414738297462    2924,17895507813
3,315    0,0931414738297462    2924,17895507813
3,319    0,0931414738297462    2924,17895507813
3,323    0,0931414738297462    2924,17895507813
3,327    0,0931414738297462    2924,17895507813
3,331    0,0931414738297462    2924,17895507813
3,335    0,0931414738297462    2924,17895507813
3,339    0,0931414738297462    2924,17895507813
3,343    0,0932227075099945    2921,80688476563
3,347    0,0932227075099945    2921,80688476563
3,351    0,0932227075099945    2921,80688476563
3,355    0,0932227075099945    2921,80688476563
3,359    0,0932227075099945    2921,80688476563
3,363    0,0932227075099945    2921,80688476563
3,367    0,0932227075099945    2921,80688476563
3,371    0,0932227075099945    2921,80688476563
3,375    0,0932227075099945    2921,80688476563
3,379    0,0932227075099945    2921,80688476563
3,383    0,0932227075099945    2921,80688476563
3,387    0,0932227075099945    2921,80688476563
3,391    0,0932227075099945    2921,80688476563
3,394    0,0933039411902428    2919,435546875
3,398    0,0933039411902428    2919,435546875
3,402    0,0933039411902428    2919,435546875
3,406    0,0933039411902428    2919,435546875
3,41    0,0933039411902428    2919,435546875
3,414    0,0933039411902428    2919,435546875
3,418    0,0933039411902428    2919,435546875
3,422    0,0933039411902428    2919,435546875
3,426    0,0933039411902428    2919,435546875
3,43    0,0933039411902428    2919,435546875
3,434    0,0933039411902428    2919,435546875
3,438    0,0933039411902428    2919,435546875
3,442    0,0933039411902428    2919,435546875
3,446    0,0932227075099945    2917,48413085938
3,45    0,0932227075099945    2917,48413085938
3,454    0,0932227075099945    2917,48413085938
3,458    0,0932227075099945    2917,48413085938
3,462    0,0932227075099945    2917,48413085938
3,466    0,0932227075099945    2917,48413085938
3,47    0,0932227075099945    2917,48413085938
3,474    0,0932227075099945    2917,48413085938
3,478    0,0932227075099945    2917,48413085938
3,481    0,0932227075099945    2917,48413085938
3,485    0,0932227075099945    2917,48413085938
3,489    0,0932227075099945    2917,48413085938
3,493    0,0933851823210716    2915,533203125
3,497    0,0933851823210716    2915,533203125
3,501    0,0933851823210716    2915,533203125
3,505    0,0933851823210716    2915,533203125
3,509    0,0933851823210716    2915,533203125
3,513    0,0933851823210716    2915,533203125
3,517    0,0933851823210716    2915,533203125
3,521    0,0933851823210716    2915,533203125
3,525    0,0933851823210716    2915,533203125
3,529    0,0933851823210716    2915,533203125
3,533    0,0933851823210716    2915,533203125
3,537    0,0933851823210716    2915,533203125
3,541    0,0933851823210716    2915,533203125
3,545    0,0933851823210716    2913,69702148438
3,549    0,0933851823210716    2913,69702148438
3,553    0,0933851823210716    2913,69702148438
3,556    0,0933851823210716    2913,69702148438
3,56    0,0933851823210716    2913,69702148438
3,564    0,0933851823210716    2913,69702148438
3,568    0,0933851823210716    2913,69702148438
3,572    0,0933851823210716    2913,69702148438
3,576    0,0933851823210716    2913,69702148438
3,58    0,0933851823210716    2913,69702148438
3,584    0,0933851823210716    2913,69702148438
3,588    0,0933851823210716    2913,69702148438
3,592    0,0933851823210716    2913,69702148438
3,596    0,0933039411902428    2911,74609375
3,6    0,0933039411902428    2911,74609375
3,604    0,0933039411902428    2911,74609375
3,608    0,0933039411902428    2911,74609375
3,612    0,0933039411902428    2911,74609375
3,616    0,0933039411902428    2911,74609375
3,62    0,0933039411902428    2911,74609375
3,624    0,0933039411902428    2911,74609375
3,628    0,0933039411902428    2911,74609375
3,632    0,0933039411902428    2911,74609375
3,635    0,0933039411902428    2911,74609375
3,639    0,0933039411902428    2911,74609375
3,643    0,0933039411902428    2911,74609375
3,647    0,0933039411902428    2909,1826171875
3,651    0,0933039411902428    2909,1826171875
3,655    0,0933039411902428    2909,1826171875
3,659    0,0933039411902428    2909,1826171875
3,663    0,0933039411902428    2909,1826171875
3,667    0,0933039411902428    2909,1826171875
3,671    0,0933039411902428    2909,1826171875
3,675    0,0933039411902428    2909,1826171875
3,679    0,0933039411902428    2909,1826171875
3,683    0,0933039411902428    2909,1826171875
3,687    0,0933039411902428    2909,1826171875
3,691    0,0933039411902428    2909,1826171875
3,695    0,0933039411902428    2906,083984375
3,699    0,0933039411902428    2906,083984375
3,703    0,0933039411902428    2906,083984375
3,707    0,0933039411902428    2906,083984375
3,711    0,0933039411902428    2906,083984375
3,714    0,0933039411902428    2906,083984375
3,718    0,0933039411902428    2906,083984375
3,722    0,0933039411902428    2906,083984375
3,726    0,0933039411902428    2906,083984375
3,73    0,0933039411902428    2906,083984375
3,734    0,0933039411902428    2906,083984375
3,738    0,0933039411902428    2906,083984375
3,742    0,0933039411902428    2906,083984375
3,746    0,0932227075099945    2902,87084960938
3,75    0,0932227075099945    2902,87084960938
3,754    0,0932227075099945    2902,87084960938
3,758    0,0932227075099945    2902,87084960938
3,762    0,0932227075099945    2902,87084960938
3,766    0,0932227075099945    2902,87084960938
3,77    0,0932227075099945    2902,87084960938
3,774    0,0932227075099945    2902,87084960938
3,778    0,0932227075099945    2902,87084960938
3,782    0,0932227075099945    2902,87084960938
3,786    0,0932227075099945    2902,87084960938
3,79    0,0932227075099945    2902,87084960938
3,794    0,0932227075099945    2902,87084960938
3,798    0,0932227075099945    2899,58081054688
3,801    0,0932227075099945    2899,58081054688
3,805    0,0932227075099945    2899,58081054688
3,809    0,0932227075099945    2899,58081054688
3,813    0,0932227075099945    2899,58081054688
3,817    0,0932227075099945    2899,58081054688
3,821    0,0932227075099945    2899,58081054688
3,825    0,0932227075099945    2899,58081054688
3,829    0,0932227075099945    2899,58081054688
3,833    0,0932227075099945    2899,58081054688
3,837    0,0932227075099945    2899,58081054688
3,841    0,0932227075099945    2899,58081054688
3,845    0,0932227075099945    2899,58081054688
3,849    0,0933039411902428    2896,48217773438
3,853    0,0933039411902428    2896,48217773438
3,857    0,0933039411902428    2896,48217773438
3,861    0,0933039411902428    2896,48217773438
3,865    0,0933039411902428    2896,48217773438
3,869    0,0933039411902428    2896,48217773438
3,873    0,0933039411902428    2896,48217773438
3,877    0,0933039411902428    2896,48217773438
3,881    0,0933039411902428    2896,48217773438
3,885    0,0933039411902428    2896,48217773438
3,889    0,0933039411902428    2896,48217773438
3,892    0,0933039411902428    2896,48217773438
3,896    0,0932227075099945    2893,84228515625
3,9    0,0932227075099945    2893,84228515625
3,904    0,0932227075099945    2893,84228515625
3,908    0,0932227075099945    2893,84228515625
3,912    0,0932227075099945    2893,84228515625
3,916    0,0932227075099945    2893,84228515625
3,92    0,0932227075099945    2893,84228515625
3,924    0,0932227075099945    2893,84228515625
3,928    0,0932227075099945    2893,84228515625
3,932    0,0932227075099945    2893,84228515625
3,936    0,0932227075099945    2893,84228515625
3,94    0,0932227075099945    2893,84228515625
3,944    0,0932227075099945    2893,84228515625
3,948    0,0931414738297462    2891,16430664063
3,952    0,0931414738297462    2891,16430664063
3,956    0,0931414738297462    2891,16430664063
3,96    0,0931414738297462    2891,16430664063
3,964    0,0931414738297462    2891,16430664063
3,968    0,0931414738297462    2891,16430664063
3,972    0,0931414738297462    2891,16430664063
3,976    0,0931414738297462    2891,16430664063
3,979    0,0931414738297462    2891,16430664063
3,983    0,0931414738297462    2891,16430664063
3,987    0,0931414738297462    2891,16430664063
3,991    0,0931414738297462    2891,16430664063
3,995    0,0931414738297462    2891,16430664063
3,999    0,0932227075099945    2888,02734375
4,004    0,0932227075099945    2888,02734375
4,008    0,0932227075099945    2888,02734375
4,012    0,0932227075099945    2888,02734375
4,016    0,0932227075099945    2888,02734375
4,02    0,0932227075099945    2888,02734375
4,024    0,0932227075099945    2888,02734375
4,028    0,0932227075099945    2888,02734375
4,032    0,0932227075099945    2888,02734375
4,036    0,0932227075099945    2888,02734375
4,04    0,0932227075099945    2888,02734375
4,044    0,0932227075099945    2888,02734375
4,048    0,0932227075099945    2888,02734375
4,052    0,0932227075099945    2888,02734375
4,056    0,0932227075099945    2888,02734375
4,06    0,0932227075099945    2888,02734375
4,063    0,0932227075099945    2888,02734375
4,067    0,0932227075099945    2888,02734375
4,071    0,0932227075099945    2888,02734375
4,075    0,0932227075099945    2888,02734375
4,079    0,0932227075099945    2888,02734375
4,083    0,0932227075099945    2888,02734375
4,087    0,0932227075099945    2888,02734375
4,091    0,0932227075099945    2888,02734375
4,095    0,0932227075099945    2888,02734375
4,099    0,0931414738297462    2879,87890625
4,103    0,0931414738297462    2879,87890625
4,107    0,0931414738297462    2879,87890625
4,111    0,0931414738297462    2879,87890625
4,115    0,0931414738297462    2879,87890625
4,119    0,0931414738297462    2879,87890625
4,123    0,0931414738297462    2879,87890625
4,127    0,0931414738297462    2879,87890625
4,131    0,0931414738297462    2879,87890625
4,134    0,0931414738297462    2879,87890625
4,138    0,0931414738297462    2879,87890625
4,142    0,0931414738297462    2879,87890625
4,146    0,0931414738297462    2879,87890625
4,15    0,0930591970682144    2876,1298828125
4,154    0,0930591970682144    2876,1298828125
4,158    0,0930591970682144    2876,1298828125
4,162    0,0930591970682144    2876,1298828125
4,166    0,0930591970682144    2876,1298828125
4,17    0,0930591970682144    2876,1298828125
4,174    0,0930591970682144    2876,1298828125
4,178    0,0930591970682144    2876,1298828125
4,182    0,0930591970682144    2876,1298828125
4,186    0,0930591970682144    2876,1298828125
4,19    0,0930591970682144    2876,1298828125
4,194    0,0930591970682144    2876,1298828125
4,198    0,0930591970682144    2876,1298828125
4,202    0,0931414738297462    2872,87841796875
4,205    0,0931414738297462    2872,87841796875
4,209    0,0931414738297462    2872,87841796875
4,213    0,0931414738297462    2872,87841796875
4,217    0,0931414738297462    2872,87841796875
4,221    0,0931414738297462    2872,87841796875
4,225    0,0931414738297462    2872,87841796875
4,229    0,0931414738297462    2872,87841796875
4,233    0,0931414738297462    2872,87841796875
4,237    0,0931414738297462    2872,87841796875
4,241    0,0931414738297462    2872,87841796875
4,245    0,0931414738297462    2872,87841796875
4,249    0,0931414738297462    2872,87841796875
4,253    0,0933039411902428    2869,81762695313
4,257    0,0933039411902428    2869,81762695313
4,261    0,0933039411902428    2869,81762695313
4,265    0,0933039411902428    2869,81762695313
4,269    0,0933039411902428    2869,81762695313
4,273    0,0933039411902428    2869,81762695313
4,276    0,0933039411902428    2869,81762695313
4,28    0,0933039411902428    2869,81762695313
4,284    0,0933039411902428    2869,81762695313
4,288    0,0933039411902428    2869,81762695313
4,292    0,0933039411902428    2869,81762695313
4,296    0,0933039411902428    2869,81762695313
4,3    0,0933851823210716    2866,18383789063
4,304    0,0933851823210716    2866,18383789063
4,308    0,0933851823210716    2866,18383789063
4,312    0,0933851823210716    2866,18383789063
4,316    0,0933851823210716    2866,18383789063
4,32    0,0933851823210716    2866,18383789063
4,324    0,0933851823210716    2866,18383789063
4,328    0,0933851823210716    2866,18383789063
4,332    0,0933851823210716    2866,18383789063
4,336    0,0933851823210716    2866,18383789063
4,34    0,0933851823210716    2866,18383789063
4,344    0,0933851823210716    2866,18383789063
4,348    0,0933851823210716    2866,18383789063
4,352    0,0933039411902428    2861,89916992188
4,355    0,0933039411902428    2861,89916992188
4,359    0,0933039411902428    2861,89916992188
4,363    0,0933039411902428    2861,89916992188
4,367    0,0933039411902428    2861,89916992188
4,371    0,0933039411902428    2861,89916992188
4,375    0,0933039411902428    2861,89916992188
4,379    0,0933039411902428    2861,89916992188
4,383    0,0933039411902428    2861,89916992188
4,387    0,0933039411902428    2861,89916992188
4,391    0,0933039411902428    2861,89916992188
4,395    0,0933039411902428    2861,89916992188
4,399    0,0933039411902428    2861,89916992188
4,403    0,0931414738297462    2856,58129882813
4,407    0,0931414738297462    2856,58129882813
4,411    0,0931414738297462    2856,58129882813
4,415    0,0931414738297462    2856,58129882813
4,419    0,0931414738297462    2856,58129882813
4,423    0,0931414738297462    2856,58129882813
4,427    0,0931414738297462    2856,58129882813
4,431    0,0931414738297462    2856,58129882813
4,435    0,0931414738297462    2856,58129882813
4,438    0,0931414738297462    2856,58129882813
4,442    0,0931414738297462    2856,58129882813
4,446    0,0931414738297462    2856,58129882813
4,45    0,0931414738297462    2856,58129882813
4,454    0,0932227075099945    2850,68994140625
4,458    0,0932227075099945    2850,68994140625
4,462    0,0932227075099945    2850,68994140625
4,466    0,0932227075099945    2850,68994140625
4,47    0,0932227075099945    2850,68994140625
4,474    0,0932227075099945    2850,68994140625
4,478    0,0932227075099945    2850,68994140625
4,482    0,0932227075099945    2850,68994140625
4,486    0,0932227075099945    2850,68994140625
4,49    0,0932227075099945    2850,68994140625
4,494    0,0932227075099945    2850,68994140625
4,498    0,0932227075099945    2850,68994140625
4,502    0,0932227075099945    2850,68994140625
4,506    0,0932227075099945    2850,68994140625
4,51    0,0932227075099945    2850,68994140625
4,514    0,0932227075099945    2850,68994140625
4,517    0,0932227075099945    2850,68994140625
4,521    0,0932227075099945    2850,68994140625
4,525    0,0932227075099945    2850,68994140625
4,529    0,0932227075099945    2850,68994140625
4,533    0,0932227075099945    2850,68994140625
4,537    0,0932227075099945    2850,68994140625
4,541    0,0932227075099945    2850,68994140625
4,545    0,0932227075099945    2850,68994140625
4,549    0,0932227075099945    2850,68994140625
4,553    0,0933851823210716    2839,787109375
4,557    0,0933851823210716    2839,787109375
4,561    0,0933851823210716    2839,787109375
4,565    0,0933851823210716    2839,787109375
4,569    0,0933851823210716    2839,787109375
4,573    0,0933851823210716    2839,787109375
4,577    0,0933851823210716    2839,787109375
4,581    0,0933851823210716    2839,787109375
4,585    0,0933851823210716    2839,787109375
4,589    0,0933851823210716    2839,787109375
4,592    0,0933851823210716    2839,787109375
4,596    0,0933851823210716    2839,787109375
4,6    0,0933851823210716    2839,787109375
4,604    0,0933851823210716    2833,70434570313
4,608    0,0933851823210716    2833,70434570313
4,612    0,0933851823210716    2833,70434570313
4,616    0,0933851823210716    2833,70434570313
4,62    0,0933851823210716    2833,70434570313
4,624    0,0933851823210716    2833,70434570313
4,628    0,0933851823210716    2833,70434570313
4,632    0,0933851823210716    2833,70434570313
4,636    0,0933851823210716    2833,70434570313
4,64    0,0933851823210716    2833,70434570313
4,644    0,0933851823210716    2833,70434570313
4,648    0,0933851823210716    2833,70434570313
4,652    0,0933851823210716    2833,70434570313
4,656    0,0933039411902428    2827,27734375
4,66    0,0933039411902428    2827,27734375
4,663    0,0933039411902428    2827,27734375
4,667    0,0933039411902428    2827,27734375
4,671    0,0933039411902428    2827,27734375
4,675    0,0933039411902428    2827,27734375
4,679    0,0933039411902428    2827,27734375
4,683    0,0933039411902428    2827,27734375
4,687    0,0933039411902428    2827,27734375
4,691    0,0933039411902428    2827,27734375
4,695    0,0933039411902428    2827,27734375
4,699    0,0933039411902428    2827,27734375
4,703    0,0933039411902428    2827,27734375
4,707    0,0932227075099945    2820,31518554688
4,711    0,0932227075099945    2820,31518554688
4,715    0,0932227075099945    2820,31518554688
4,719    0,0932227075099945    2820,31518554688
4,723    0,0932227075099945    2820,31518554688
4,727    0,0932227075099945    2820,31518554688
4,731    0,0932227075099945    2820,31518554688
4,735    0,0932227075099945    2820,31518554688
4,738    0,0932227075099945    2820,31518554688
4,742    0,0932227075099945    2820,31518554688
4,746    0,0932227075099945    2820,31518554688
4,75    0,0932227075099945    2820,31518554688
4,754    0,0931414738297462    2812,93212890625
4,758    0,0931414738297462    2812,93212890625
4,762    0,0931414738297462    2812,93212890625
4,766    0,0931414738297462    2812,93212890625
4,77    0,0931414738297462    2812,93212890625
4,774    0,0931414738297462    2812,93212890625
4,778    0,0931414738297462    2812,93212890625
4,782    0,0931414738297462    2812,93212890625
4,786    0,0931414738297462    2812,93212890625
4,79    0,0931414738297462    2812,93212890625
4,794    0,0931414738297462    2812,93212890625
4,798    0,0931414738297462    2812,93212890625
4,802    0,0931414738297462    2812,93212890625
4,806    0,0932227075099945    2805,08935546875
4,81    0,0932227075099945    2805,08935546875
4,814    0,0932227075099945    2805,08935546875
4,818    0,0932227075099945    2805,08935546875
4,821    0,0932227075099945    2805,08935546875
4,825    0,0932227075099945    2805,08935546875
4,829    0,0932227075099945    2805,08935546875
4,833    0,0932227075099945    2805,08935546875
4,837    0,0932227075099945    2805,08935546875
4,841    0,0932227075099945    2805,08935546875
4,845    0,0932227075099945    2805,08935546875
4,849    0,0932227075099945    2805,08935546875
4,853    0,0932227075099945    2805,08935546875
4,857    0,0932227075099945    2796,90258789063
4,861    0,0932227075099945    2796,90258789063
4,865    0,0932227075099945    2796,90258789063
4,869    0,0932227075099945    2796,90258789063
4,873    0,0932227075099945    2796,90258789063
4,877    0,0932227075099945    2796,90258789063
4,881    0,0932227075099945    2796,90258789063
4,885    0,0932227075099945    2796,90258789063
4,889    0,0932227075099945    2796,90258789063
4,893    0,0932227075099945    2796,90258789063
4,897    0,0932227075099945    2796,90258789063
4,9    0,0932227075099945    2796,90258789063
4,904    0,0932227075099945    2796,90258789063
4,908    0,0932227075099945    2788,29516601563
4,912    0,0932227075099945    2788,29516601563
4,916    0,0932227075099945    2788,29516601563
4,92    0,0932227075099945    2788,29516601563
4,924    0,0932227075099945    2788,29516601563
4,928    0,0932227075099945    2788,29516601563
4,932    0,0932227075099945    2788,29516601563
4,936    0,0932227075099945    2788,29516601563
4,94    0,0932227075099945    2788,29516601563
4,944    0,0932227075099945    2788,29516601563
4,948    0,0932227075099945    2788,29516601563
4,952    0,0932227075099945    2788,29516601563
4,956    0,0932227075099945    2788,29516601563
4,96    0,0932227075099945    2788,29516601563
4,964    0,0932227075099945    2788,29516601563
4,968    0,0932227075099945    2788,29516601563
4,972    0,0932227075099945    2788,29516601563
4,975    0,0932227075099945    2788,29516601563
4,979    0,0932227075099945    2788,29516601563
4,983    0,0932227075099945    2788,29516601563
4,987    0,0932227075099945    2788,29516601563
4,991    0,0932227075099945    2788,29516601563
4,995    0,0932227075099945    2788,29516601563
4,999    0,0932227075099945    2788,29516601563
5,003    0,0932227075099945    2788,29516601563
5,007    0,0931414738297462    2769,70288085938
5,011    0,0931414738297462    2769,70288085938
5,015    0,0931414738297462    2769,70288085938
5,019    0,0931414738297462    2769,70288085938
5,023    0,0931414738297462    2769,70288085938
5,027    0,0931414738297462    2769,70288085938
5,031    0,0931414738297462    2769,70288085938
5,035    0,0931414738297462    2769,70288085938
5,039    0,0931414738297462    2769,70288085938
5,043    0,0931414738297462    2769,70288085938
5,047    0,0931414738297462    2769,70288085938
5,051    0,0931414738297462    2769,70288085938
5,054    0,0931414738297462    2769,70288085938
5,058    0,0933851823210716    2760,521484375
5,062    0,0933851823210716    2760,521484375
5,066    0,0933851823210716    2760,521484375
5,07    0,0933851823210716    2760,521484375
5,074    0,0933851823210716    2760,521484375
5,078    0,0933851823210716    2760,521484375
5,082    0,0933851823210716    2760,521484375
5,086    0,0933851823210716    2760,521484375
5,09    0,0933851823210716    2760,521484375
5,094    0,0933851823210716    2760,521484375
5,098    0,0933851823210716    2760,521484375
5,102    0,0933851823210716    2760,521484375
5,106    0,0933851823210716    2760,521484375
5,11    0,0933851823210716    2751,14916992188
5,114    0,0933851823210716    2751,14916992188
5,118    0,0933851823210716    2751,14916992188
5,122    0,0933851823210716    2751,14916992188
5,125    0,0933851823210716    2751,14916992188
5,129    0,0933851823210716    2751,14916992188
5,133    0,0933851823210716    2751,14916992188
5,137    0,0933851823210716    2751,14916992188
5,141    0,0933851823210716    2751,14916992188
5,145    0,0933851823210716    2751,14916992188
5,149    0,0933851823210716    2751,14916992188
5,153    0,0933851823210716    2751,14916992188
5,157    0,0933851823210716    2751,14916992188
5,161    0,0932227075099945    2741,89111328125
5,165    0,0932227075099945    2741,89111328125
5,169    0,0932227075099945    2741,89111328125
5,173    0,0932227075099945    2741,89111328125
5,177    0,0932227075099945    2741,89111328125
5,181    0,0932227075099945    2741,89111328125
5,185    0,0932227075099945    2741,89111328125
5,189    0,0932227075099945    2741,89111328125
5,193    0,0932227075099945    2741,89111328125
5,197    0,0932227075099945    2741,89111328125
5,2    0,0932227075099945    2741,89111328125
5,204    0,0932227075099945    2741,89111328125
5,208    0,0933851823210716    2733,58959960938
5,212    0,0933851823210716    2733,58959960938
5,216    0,0933851823210716    2733,58959960938
5,22    0,0933851823210716    2733,58959960938
5,224    0,0933851823210716    2733,58959960938
5,228    0,0933851823210716    2733,58959960938
5,232    0,0933851823210716    2733,58959960938
5,236    0,0933851823210716    2733,58959960938
5,24    0,0933851823210716    2733,58959960938
5,244    0,0933851823210716    2733,58959960938
5,248    0,0933851823210716    2733,58959960938
5,252    0,0933851823210716    2733,58959960938
5,256    0,0933851823210716    2733,58959960938
5,26    0,0932227075099945    2725,13549804688
5,264    0,0932227075099945    2725,13549804688
5,268    0,0932227075099945    2725,13549804688
5,272    0,0932227075099945    2725,13549804688
5,276    0,0932227075099945    2725,13549804688
5,28    0,0932227075099945    2725,13549804688
5,284    0,0932227075099945    2725,13549804688
5,288    0,0932227075099945    2725,13549804688
5,291    0,0932227075099945    2725,13549804688
5,295    0,0932227075099945    2725,13549804688
5,299    0,0932227075099945    2725,13549804688
5,303    0,0932227075099945    2725,13549804688
5,307    0,0932227075099945    2725,13549804688
5,311    0,0932227075099945    2716,52758789063
5,315    0,0932227075099945    2716,52758789063
5,319    0,0932227075099945    2716,52758789063
5,323    0,0932227075099945    2716,52758789063
5,327    0,0932227075099945    2716,52758789063
5,331    0,0932227075099945    2716,52758789063
5,335    0,0932227075099945    2716,52758789063
5,339    0,0932227075099945    2716,52758789063
5,343    0,0932227075099945    2716,52758789063
5,347    0,0932227075099945    2716,52758789063
5,351    0,0932227075099945    2716,52758789063
5,355    0,0932227075099945    2716,52758789063
5,359    0,0932227075099945    2716,52758789063
5,363    0,0933851823210716    2708,7236328125
5,367    0,0933851823210716    2708,7236328125
5,37    0,0933851823210716    2708,7236328125
5,374    0,0933851823210716    2708,7236328125
5,378    0,0933851823210716    2708,7236328125
5,382    0,0933851823210716    2708,7236328125
5,386    0,0933851823210716    2708,7236328125
5,39    0,0933851823210716    2708,7236328125
5,394    0,0933851823210716    2708,7236328125
5,398    0,0933851823210716    2708,7236328125
5,402    0,0933851823210716    2708,7236328125
5,406    0,0933851823210716    2708,7236328125
5,41    0,0933851823210716    2708,7236328125
5,414    0,0933851823210716    2708,7236328125
5,418    0,0933851823210716    2708,7236328125
5,422    0,0933851823210716    2708,7236328125
5,426    0,0933851823210716    2708,7236328125
5,43    0,0933851823210716    2708,7236328125
5,434    0,0933851823210716    2708,7236328125
5,438    0,0933851823210716    2708,7236328125
5,442    0,0933851823210716    2708,7236328125
5,446    0,0933851823210716    2708,7236328125
5,45    0,0933851823210716    2708,7236328125
5,453    0,0933851823210716    2708,7236328125
5,457    0,0933851823210716    2708,7236328125
5,461    0,0930591970682144    2696,32861328125
5,465    0,0930591970682144    2696,32861328125
5,469    0,0930591970682144    2696,32861328125
5,473    0,0930591970682144    2696,32861328125
5,477    0,0930591970682144    2696,32861328125
5,481    0,0930591970682144    2696,32861328125
5,485    0,0930591970682144    2696,32861328125
5,489    0,0930591970682144    2696,32861328125
5,493    0,0930591970682144    2696,32861328125
5,497    0,0930591970682144    2696,32861328125
5,501    0,0930591970682144    2696,32861328125
5,505    0,0930591970682144    2696,32861328125
5,509    0,0930591970682144    2696,32861328125
5,513    0,0930591970682144    2690,74340820313
5,517    0,0930591970682144    2690,74340820313
5,521    0,0930591970682144    2690,74340820313
5,525    0,0930591970682144    2690,74340820313
5,529    0,0930591970682144    2690,74340820313
5,533    0,0930591970682144    2690,74340820313
5,536    0,0930591970682144    2690,74340820313
5,54    0,0930591970682144    2690,74340820313
5,544    0,0930591970682144    2690,74340820313
5,548    0,0930591970682144    2690,74340820313
5,552    0,0930591970682144    2690,74340820313
5,556    0,0930591970682144    2690,74340820313
5,56    0,0930591970682144    2690,74340820313
5,564    0,0931414738297462    2685,50244140625
5,568    0,0931414738297462    2685,50244140625
5,572    0,0931414738297462    2685,50244140625
5,576    0,0931414738297462    2685,50244140625
5,58    0,0931414738297462    2685,50244140625
5,584    0,0931414738297462    2685,50244140625
5,588    0,0931414738297462    2685,50244140625
5,592    0,0931414738297462    2685,50244140625
5,596    0,0931414738297462    2685,50244140625
5,6    0,0931414738297462    2685,50244140625
5,604    0,0931414738297462    2685,50244140625
5,608    0,0931414738297462    2685,50244140625
5,611    0,0931414738297462    2685,50244140625
5,615    0,0930591970682144    2680,75854492188
5,619    0,0930591970682144    2680,75854492188
5,623    0,0930591970682144    2680,75854492188
5,627    0,0930591970682144    2680,75854492188
5,631    0,0930591970682144    2680,75854492188
5,635    0,0930591970682144    2680,75854492188
5,639    0,0930591970682144    2680,75854492188
5,643    0,0930591970682144    2680,75854492188
5,647    0,0930591970682144    2680,75854492188
5,651    0,0930591970682144    2680,75854492188
5,655    0,0930591970682144    2680,75854492188
5,659    0,0930591970682144    2680,75854492188
5,663    0,0930591970682144    2676,28295898438
5,667    0,0930591970682144    2676,28295898438
5,671    0,0930591970682144    2676,28295898438
5,675    0,0930591970682144    2676,28295898438
5,679    0,0930591970682144    2676,28295898438
5,683    0,0930591970682144    2676,28295898438
5,687    0,0930591970682144    2676,28295898438
5,69    0,0930591970682144    2676,28295898438
5,694    0,0930591970682144    2676,28295898438
5,698    0,0930591970682144    2676,28295898438
5,702    0,0930591970682144    2676,28295898438
5,706    0,0930591970682144    2676,28295898438
5,71    0,0930591970682144    2676,28295898438
5,714    0,0932227075099945    2673,298828125
5,718    0,0932227075099945    2673,298828125
5,722    0,0932227075099945    2673,298828125
5,726    0,0932227075099945    2673,298828125
5,73    0,0932227075099945    2673,298828125
5,734    0,0932227075099945    2673,298828125
5,738    0,0932227075099945    2673,298828125
5,742    0,0932227075099945    2673,298828125
5,746    0,0932227075099945    2673,298828125
5,75    0,0932227075099945    2673,298828125
5,754    0,0932227075099945    2673,298828125
5,758    0,0932227075099945    2673,298828125
5,762    0,0932227075099945    2673,298828125
5,766    0,0932227075099945    2671,46264648438
5,769    0,0932227075099945    2671,46264648438
5,773    0,0932227075099945    2671,46264648438
5,777    0,0932227075099945    2671,46264648438
5,781    0,0932227075099945    2671,46264648438
5,785    0,0932227075099945    2671,46264648438
5,789    0,0932227075099945    2671,46264648438
5,793    0,0932227075099945    2671,46264648438
5,797    0,0932227075099945    2671,46264648438
5,801    0,0932227075099945    2671,46264648438
5,805    0,0932227075099945    2671,46264648438
5,809    0,0932227075099945    2671,46264648438
5,813    0,0932227075099945    2671,46264648438
5,817    0,0933039411902428    2668,78466796875
5,821    0,0933039411902428    2668,78466796875
5,825    0,0933039411902428    2668,78466796875
5,829    0,0933039411902428    2668,78466796875
5,833    0,0933039411902428    2668,78466796875
5,837    0,0933039411902428    2668,78466796875
5,841    0,0933039411902428    2668,78466796875
5,844    0,0933039411902428    2668,78466796875
5,848    0,0933039411902428    2668,78466796875
5,852    0,0933039411902428    2668,78466796875
5,856    0,0933039411902428    2668,78466796875
5,86    0,0933039411902428    2668,78466796875
5,864    0,0933039411902428    2666,2216796875
5,868    0,0933039411902428    2666,2216796875
5,872    0,0933039411902428    2666,2216796875
5,876    0,0933039411902428    2666,2216796875
5,88    0,0933039411902428    2666,2216796875
5,884    0,0933039411902428    2666,2216796875
5,888    0,0933039411902428    2666,2216796875
5,892    0,0933039411902428    2666,2216796875
5,896    0,0933039411902428    2666,2216796875
5,9    0,0933039411902428    2666,2216796875
5,904    0,0933039411902428    2666,2216796875
5,908    0,0933039411902428    2666,2216796875
5,912    0,0933039411902428    2666,2216796875
5,916    0,0930591970682144    2664,15576171875
5,919    0,0930591970682144    2664,15576171875
5,923    0,0930591970682144    2664,15576171875
5,927    0,0930591970682144    2664,15576171875
5,931    0,0930591970682144    2664,15576171875
5,935    0,0930591970682144    2664,15576171875
5,939    0,0930591970682144    2664,15576171875
5,943    0,0930591970682144    2664,15576171875
5,947    0,0930591970682144    2664,15576171875
5,951    0,0930591970682144    2664,15576171875
5,955    0,0930591970682144    2664,15576171875
5,959    0,0930591970682144    2664,15576171875
5,963    0,0930591970682144    2664,15576171875
5,967    0,0930591970682144    2661,97534179688
5,971    0,0930591970682144    2661,97534179688
5,975    0,0930591970682144    2661,97534179688
5,979    0,0930591970682144    2661,97534179688
5,983    0,0930591970682144    2661,97534179688
5,987    0,0930591970682144    2661,97534179688
5,991    0,0930591970682144    2661,97534179688
5,995    0,0930591970682144    2661,97534179688
5,999    0,0930591970682144    2661,97534179688
6,002    0,0930591970682144    2661,97534179688
6,006    0,0930591970682144    2661,97534179688
6,01    0,0930591970682144    2661,97534179688
6,014    0,0930591970682144    2661,97534179688
6,018    0,0929779633879662    2659,986328125
6,022    0,0929779633879662    2659,986328125
6,026    0,0929779633879662    2659,986328125
6,03    0,0929779633879662    2659,986328125
6,034    0,0929779633879662    2659,986328125
6,038    0,0929779633879662    2659,986328125
6,042    0,0929779633879662    2659,986328125
6,046    0,0929779633879662    2659,986328125
6,05    0,0929779633879662    2659,986328125
6,054    0,0929779633879662    2659,986328125
6,058    0,0929779633879662    2659,986328125
6,062    0,0929779633879662    2659,986328125
6,066    0,0929779633879662    2659,986328125
6,07    0,0929779633879662    2659,986328125
6,074    0,0929779633879662    2659,986328125
6,078    0,0929779633879662    2659,986328125
6,082    0,0929779633879662    2659,986328125
6,086    0,0929779633879662    2659,986328125
6,089    0,0929779633879662    2659,986328125
6,093    0,0929779633879662    2659,986328125
6,097    0,0929779633879662    2659,986328125
6,101    0,0929779633879662    2659,986328125
6,105    0,0929779633879662    2659,986328125
6,109    0,0929779633879662    2659,986328125
6,113    0,0929779633879662    2659,986328125
6,117    0,0932227075099945    2654,89819335938
6,121    0,0932227075099945    2654,89819335938
6,125    0,0932227075099945    2654,89819335938
6,129    0,0932227075099945    2654,89819335938
6,133    0,0932227075099945    2654,89819335938
6,137    0,0932227075099945    2654,89819335938
6,141    0,0932227075099945    2654,89819335938
6,145    0,0932227075099945    2654,89819335938
6,149    0,0932227075099945    2654,89819335938
6,153    0,0932227075099945    2654,89819335938
6,157    0,0932227075099945    2654,89819335938
6,161    0,0932227075099945    2654,89819335938
6,165    0,0932227075099945    2654,89819335938
6,169    0,0934664160013199    2652,83227539063
6,173    0,0934664160013199    2652,83227539063
6,177    0,0934664160013199    2652,83227539063
6,181    0,0934664160013199    2652,83227539063
6,184    0,0934664160013199    2652,83227539063
6,188    0,0934664160013199    2652,83227539063
6,192    0,0934664160013199    2652,83227539063
6,196    0,0934664160013199    2652,83227539063
6,2    0,0934664160013199    2652,83227539063
6,204    0,0934664160013199    2652,83227539063
6,208    0,0934664160013199    2652,83227539063
6,212    0,0934664160013199    2652,83227539063
6,216    0,0934664160013199    2652,83227539063
6,22    0,0933039411902428    2650,95776367188
6,224    0,0933039411902428    2650,95776367188
6,228    0,0933039411902428    2650,95776367188
6,232    0,0933039411902428    2650,95776367188
6,236    0,0933039411902428    2650,95776367188
6,24    0,0933039411902428    2650,95776367188
6,244    0,0933039411902428    2650,95776367188
6,248    0,0933039411902428    2650,95776367188
6,252    0,0933039411902428    2650,95776367188
6,256    0,0933039411902428    2650,95776367188
6,26    0,0933039411902428    2650,95776367188
6,264    0,0933039411902428    2650,95776367188
6,268    0,0933039411902428    2650,95776367188
6,272    0,0933039411902428    2650,95776367188
6,276    0,0933039411902428    2650,95776367188
6,28    0,0933039411902428    2650,95776367188
6,283    0,0933039411902428    2650,95776367188
6,287    0,0933039411902428    2650,95776367188
6,291    0,0933039411902428    2650,95776367188
6,295    0,0933039411902428    2650,95776367188
6,299    0,0933039411902428    2650,95776367188
6,303    0,0933039411902428    2650,95776367188
6,307    0,0933039411902428    2650,95776367188
6,311    0,0933039411902428    2650,95776367188
6,315    0,0933039411902428    2650,95776367188
6,319    0,0930591970682144    2645,44897460938
6,323    0,0930591970682144    2645,44897460938
6,327    0,0930591970682144    2645,44897460938
6,331    0,0930591970682144    2645,44897460938
6,335    0,0930591970682144    2645,44897460938
6,339    0,0930591970682144    2645,44897460938
6,343    0,0930591970682144    2645,44897460938
6,347    0,0930591970682144    2645,44897460938
6,351    0,0930591970682144    2645,44897460938
6,355    0,0930591970682144    2645,44897460938
6,359    0,0930591970682144    2645,44897460938
6,363    0,0930591970682144    2645,44897460938
6,367    0,0930591970682144    2645,44897460938
6,371    0,0931414738297462    2642,80908203125
6,375    0,0931414738297462    2642,80908203125
6,379    0,0931414738297462    2642,80908203125
6,382    0,0931414738297462    2642,80908203125
6,386    0,0931414738297462    2642,80908203125
6,39    0,0931414738297462    2642,80908203125
6,394    0,0931414738297462    2642,80908203125
6,398    0,0931414738297462    2642,80908203125
6,402    0,0931414738297462    2642,80908203125
6,406    0,0931414738297462    2642,80908203125
6,41    0,0931414738297462    2642,80908203125
6,414    0,0931414738297462    2642,80908203125
6,418    0,0931414738297462    2642,80908203125
6,422    0,0932227075099945    2640,62866210938
6,426    0,0932227075099945    2640,62866210938
6,43    0,0932227075099945    2640,62866210938
6,434    0,0932227075099945    2640,62866210938
6,438    0,0932227075099945    2640,62866210938
6,442    0,0932227075099945    2640,62866210938
6,446    0,0932227075099945    2640,62866210938
6,45    0,0932227075099945    2640,62866210938
6,454    0,0932227075099945    2640,62866210938
6,457    0,0932227075099945    2640,62866210938
6,461    0,0932227075099945    2640,62866210938
6,465    0,0932227075099945    2640,62866210938
6,469    0,0932227075099945    2640,62866210938
6,473    0,0933039411902428    2638,56323242188
6,477    0,0933039411902428    2638,56323242188
6,481    0,0933039411902428    2638,56323242188
6,485    0,0933039411902428    2638,56323242188
6,489    0,0933039411902428    2638,56323242188
6,493    0,0933039411902428    2638,56323242188
6,497    0,0933039411902428    2638,56323242188
6,501    0,0933039411902428    2638,56323242188
6,505    0,0933039411902428    2638,56323242188
6,509    0,0933039411902428    2638,56323242188
6,513    0,0933039411902428    2638,56323242188
6,517    0,0933039411902428    2638,56323242188
6,521    0,0931414738297462    2636,458984375
6,525    0,0931414738297462    2636,458984375
6,529    0,0931414738297462    2636,458984375
6,532    0,0931414738297462    2636,458984375
6,536    0,0931414738297462    2636,458984375
6,54    0,0931414738297462    2636,458984375
6,544    0,0931414738297462    2636,458984375
6,548    0,0931414738297462    2636,458984375
6,552    0,0931414738297462    2636,458984375
6,556    0,0931414738297462    2636,458984375
6,56    0,0931414738297462    2636,458984375
6,564    0,0931414738297462    2636,458984375
6,568    0,0931414738297462    2636,458984375
6,572    0,0930591970682144    2633,62768554688
6,576    0,0930591970682144    2633,62768554688
6,58    0,0930591970682144    2633,62768554688
6,584    0,0930591970682144    2633,62768554688
6,588    0,0930591970682144    2633,62768554688
6,592    0,0930591970682144    2633,62768554688
6,596    0,0930591970682144    2633,62768554688
6,6    0,0930591970682144    2633,62768554688
6,604    0,0930591970682144    2633,62768554688
6,608    0,0930591970682144    2633,62768554688
6,611    0,0930591970682144    2633,62768554688
6,615    0,0930591970682144    2633,62768554688
6,619    0,0930591970682144    2633,62768554688
6,623    0,0931414738297462    2630,64428710938
6,627    0,0931414738297462    2630,64428710938
6,631    0,0931414738297462    2630,64428710938
6,635    0,0931414738297462    2630,64428710938
6,639    0,0931414738297462    2630,64428710938
6,643    0,0931414738297462    2630,64428710938
6,647    0,0931414738297462    2630,64428710938
6,651    0,0931414738297462    2630,64428710938
6,655    0,0931414738297462    2630,64428710938
6,659    0,0931414738297462    2630,64428710938
6,663    0,0931414738297462    2630,64428710938
6,667    0,0931414738297462    2630,64428710938
6,671    0,0931414738297462    2630,64428710938
6,675    0,0933851823210716    2628,08081054688
6,679    0,0933851823210716    2628,08081054688
6,683    0,0933851823210716    2628,08081054688
6,687    0,0933851823210716    2628,08081054688
6,691    0,0933851823210716    2628,08081054688
6,694    0,0933851823210716    2628,08081054688
6,698    0,0933851823210716    2628,08081054688
6,702    0,0933851823210716    2628,08081054688
6,706    0,0933851823210716    2628,08081054688
6,71    0,0933851823210716    2628,08081054688
6,714    0,0933851823210716    2628,08081054688
6,718    0,0933851823210716    2628,08081054688
6,722    0,0934664160013199    2625,900390625
6,726    0,0934664160013199    2625,900390625
6,73    0,0934664160013199    2625,900390625
6,734    0,0934664160013199    2625,900390625
6,738    0,0934664160013199    2625,900390625
6,742    0,0934664160013199    2625,900390625
6,746    0,0934664160013199    2625,900390625
6,75    0,0934664160013199    2625,900390625
6,754    0,0934664160013199    2625,900390625
6,758    0,0934664160013199    2625,900390625
6,762    0,0934664160013199    2625,900390625
6,766    0,0934664160013199    2625,900390625
6,77    0,0934664160013199    2625,900390625
6,774    0,0933851823210716    2623,45190429688
6,777    0,0933851823210716    2623,45190429688
6,781    0,0933851823210716    2623,45190429688
6,785    0,0933851823210716    2623,45190429688
6,789    0,0933851823210716    2623,45190429688
6,793    0,0933851823210716    2623,45190429688
6,797    0,0933851823210716    2623,45190429688
6,801    0,0933851823210716    2623,45190429688
6,805    0,0933851823210716    2623,45190429688
6,809    0,0933851823210716    2623,45190429688
6,813    0,0933851823210716    2623,45190429688
6,817    0,0933851823210716    2623,45190429688
6,821    0,0933851823210716    2623,45190429688
6,825    0,0932227075099945    2621,69213867188
6,829    0,0932227075099945    2621,69213867188
6,833    0,0932227075099945    2621,69213867188
6,837    0,0932227075099945    2621,69213867188
6,841    0,0932227075099945    2621,69213867188
6,845    0,0932227075099945    2621,69213867188
6,849    0,0932227075099945    2621,69213867188
6,853    0,0932227075099945    2621,69213867188
6,856    0,0932227075099945    2621,69213867188
6,86    0,0932227075099945    2621,69213867188
6,864    0,0932227075099945    2621,69213867188
6,868    0,0932227075099945    2621,69213867188
6,872    0,0932227075099945    2621,69213867188
6,876    0,0931414738297462    2620,31518554688
6,88    0,0931414738297462    2620,31518554688
6,884    0,0931414738297462    2620,31518554688
6,888    0,0931414738297462    2620,31518554688
6,892    0,0931414738297462    2620,31518554688
6,896    0,0931414738297462    2620,31518554688
6,9    0,0931414738297462    2620,31518554688
6,904    0,0931414738297462    2620,31518554688
6,908    0,0931414738297462    2620,31518554688
6,912    0,0931414738297462    2620,31518554688
6,916    0,0931414738297462    2620,31518554688
6,92    0,0931414738297462    2620,31518554688
6,924    0,0931414738297462    2620,31518554688
6,928    0,0931414738297462    2620,31518554688
6,931    0,0931414738297462    2620,31518554688
6,935    0,0931414738297462    2620,31518554688
6,939    0,0931414738297462    2620,31518554688
6,943    0,0931414738297462    2620,31518554688
6,947    0,0931414738297462    2620,31518554688
6,951    0,0931414738297462    2620,31518554688
6,955    0,0931414738297462    2620,31518554688
6,959    0,0931414738297462    2620,31518554688
6,963    0,0931414738297462    2620,31518554688
6,967    0,0931414738297462    2620,31518554688
6,971    0,0931414738297462    2620,31518554688
6,975    0,0932227075099945    2617,10131835938
6,979    0,0932227075099945    2617,10131835938
6,983    0,0932227075099945    2617,10131835938
6,987    0,0932227075099945    2617,10131835938
6,991    0,0932227075099945    2617,10131835938
6,995    0,0932227075099945    2617,10131835938
6,999    0,0932227075099945    2617,10131835938
7,003    0,0932227075099945    2617,10131835938
7,006    0,0932227075099945    2617,10131835938
7,01    0,0932227075099945    2617,10131835938
7,014    0,0932227075099945    2617,10131835938
7,018    0,0932227075099945    2617,10131835938
7,022    0,0932227075099945    2617,10131835938
7,026    0,0932227075099945    2617,21655273438
7,03    0,0932227075099945    2617,21655273438
7,034    0,0932227075099945    2617,21655273438
7,038    0,0932227075099945    2617,21655273438
7,042    0,0932227075099945    2617,21655273438
7,046    0,0932227075099945    2617,21655273438
7,05    0,0932227075099945    2617,21655273438
7,054    0,0932227075099945    2617,21655273438
7,058    0,0932227075099945    2617,21655273438
7,062    0,0932227075099945    2617,21655273438
7,066    0,0932227075099945    2617,21655273438
7,07    0,0932227075099945    2617,21655273438
7,074    0,0932227075099945    2617,21655273438
7,078    0,0931414738297462    2617,75219726563
7,082    0,0931414738297462    2617,75219726563
7,085    0,0931414738297462    2617,75219726563
7,089    0,0931414738297462    2617,75219726563
7,093    0,0931414738297462    2617,75219726563
7,097    0,0931414738297462    2617,75219726563
7,101    0,0931414738297462    2617,75219726563
7,105    0,0931414738297462    2617,75219726563
7,109    0,0931414738297462    2617,75219726563
7,113    0,0931414738297462    2617,75219726563
7,117    0,0931414738297462    2617,75219726563
7,121    0,0931414738297462    2617,75219726563
7,125    0,0931414738297462    2617,75219726563
7,129    0,0932227075099945    2616,94848632813
7,133    0,0932227075099945    2616,94848632813
7,137    0,0932227075099945    2616,94848632813
7,141    0,0932227075099945    2616,94848632813
7,145    0,0932227075099945    2616,94848632813
7,149    0,0932227075099945    2616,94848632813
7,153    0,0932227075099945    2616,94848632813
7,156    0,0932227075099945    2616,94848632813
7,16    0,0932227075099945    2616,94848632813
7,164    0,0932227075099945    2616,94848632813
7,168    0,0932227075099945    2616,94848632813
7,172    0,0932227075099945    2616,94848632813
7,176    0,0932227075099945    2615,34204101563
7,18    0,0932227075099945    2615,34204101563
7,184    0,0932227075099945    2615,34204101563
7,188    0,0932227075099945    2615,34204101563
7,192    0,0932227075099945    2615,34204101563
7,196    0,0932227075099945    2615,34204101563
7,2    0,0932227075099945    2615,34204101563
7,204    0,0932227075099945    2615,34204101563
7,208    0,0932227075099945    2615,34204101563
7,212    0,0932227075099945    2615,34204101563
7,216    0,0932227075099945    2615,34204101563
7,22    0,0932227075099945    2615,34204101563
7,224    0,0932227075099945    2615,34204101563
7,228    0,0933039411902428    2613,08471679688
7,232    0,0933039411902428    2613,08471679688
7,236    0,0933039411902428    2613,08471679688
7,239    0,0933039411902428    2613,08471679688
7,243    0,0933039411902428    2613,08471679688
7,247    0,0933039411902428    2613,08471679688
7,251    0,0933039411902428    2613,08471679688
7,255    0,0933039411902428    2613,08471679688
7,259    0,0933039411902428    2613,08471679688
7,263    0,0933039411902428    2613,08471679688
7,267    0,0933039411902428    2613,08471679688
7,271    0,0933039411902428    2613,08471679688
7,275    0,0933039411902428    2613,08471679688
7,279    0,0933851823210716    2610,02416992188
7,283    0,0933851823210716    2610,02416992188
7,287    0,0933851823210716    2610,02416992188
7,291    0,0933851823210716    2610,02416992188
7,295    0,0933851823210716    2610,02416992188
7,299    0,0933851823210716    2610,02416992188
7,303    0,0933851823210716    2610,02416992188
7,307    0,0933851823210716    2610,02416992188
7,311    0,0933851823210716    2610,02416992188
7,314    0,0933851823210716    2610,02416992188
7,318    0,0933851823210716    2610,02416992188
7,322    0,0933851823210716    2610,02416992188
7,326    0,0933851823210716    2610,02416992188
7,33    0,0932227075099945    2607,23168945313
7,334    0,0932227075099945    2607,23168945313
7,338    0,0932227075099945    2607,23168945313
7,342    0,0932227075099945    2607,23168945313
7,346    0,0932227075099945    2607,23168945313
7,35    0,0932227075099945    2607,23168945313
7,354    0,0932227075099945    2607,23168945313
7,358    0,0932227075099945    2607,23168945313
7,362    0,0932227075099945    2607,23168945313
7,366    0,0932227075099945    2607,23168945313
7,37    0,0932227075099945    2607,23168945313
7,374    0,0932227075099945    2607,23168945313
7,378    0,0932227075099945    2607,23168945313
7,382    0,0932227075099945    2607,23168945313
7,386    0,0932227075099945    2607,23168945313
7,39    0,0932227075099945    2607,23168945313
7,394    0,0932227075099945    2607,23168945313
7,397    0,0932227075099945    2607,23168945313
7,401    0,0932227075099945    2607,23168945313
7,405    0,0932227075099945    2607,23168945313
7,409    0,0932227075099945    2607,23168945313
7,413    0,0932227075099945    2607,23168945313
7,417    0,0932227075099945    2607,23168945313
7,421    0,0932227075099945    2607,23168945313
7,425    0,0932227075099945    2607,23168945313
7,429    0,0930591970682144    2601,41674804688
7,433    0,0930591970682144    2601,41674804688
7,437    0,0930591970682144    2601,41674804688
7,441    0,0930591970682144    2601,41674804688
7,445    0,0930591970682144    2601,41674804688
7,449    0,0930591970682144    2601,41674804688
7,453    0,0930591970682144    2601,41674804688
7,457    0,0930591970682144    2601,41674804688
7,461    0,0930591970682144    2601,41674804688
7,465    0,0930591970682144    2601,41674804688
7,469    0,0930591970682144    2601,41674804688
7,473    0,0930591970682144    2601,41674804688
7,477    0,0930591970682144    2601,41674804688
7,481    0,0932227075099945    2600,49853515625
7,485    0,0932227075099945    2600,49853515625
7,489    0,0932227075099945    2600,49853515625
7,492    0,0932227075099945    2600,49853515625
7,496    0,0932227075099945    2600,49853515625
7,5    0,0932227075099945    2600,49853515625
7,504    0,0932227075099945    2600,49853515625
7,508    0,0932227075099945    2600,49853515625
7,512    0,0932227075099945    2600,49853515625
7,516    0,0932227075099945    2600,49853515625
7,52    0,0932227075099945    2600,49853515625
7,524    0,0932227075099945    2600,49853515625
7,528    0,0932227075099945    2600,49853515625
7,532    0,0932227075099945    2599,50415039063
7,536    0,0932227075099945    2599,50415039063
7,54    0,0932227075099945    2599,50415039063
7,544    0,0932227075099945    2599,50415039063
7,548    0,0932227075099945    2599,50415039063
7,552    0,0932227075099945    2599,50415039063
7,556    0,0932227075099945    2599,50415039063
7,559    0,0932227075099945    2599,50415039063
7,563    0,0932227075099945    2599,50415039063
7,567    0,0932227075099945    2599,50415039063
7,571    0,0932227075099945    2599,50415039063
7,575    0,0932227075099945    2599,50415039063
7,579    0,0932227075099945    2599,50415039063
7,583    0,0932227075099945    2597,85888671875
7,587    0,0932227075099945    2597,85888671875
7,591    0,0932227075099945    2597,85888671875
7,595    0,0932227075099945    2597,85888671875
7,599    0,0932227075099945    2597,85888671875
7,603    0,0932227075099945    2597,85888671875
7,607    0,0932227075099945    2597,85888671875
7,611    0,0932227075099945    2597,85888671875
7,615    0,0932227075099945    2597,85888671875
7,619    0,0932227075099945    2597,85888671875
7,623    0,0932227075099945    2597,85888671875
7,627    0,0932227075099945    2597,85888671875
7,631    0,0932227075099945    2595,06616210938
7,635    0,0932227075099945    2595,06616210938
7,638    0,0932227075099945    2595,06616210938
7,642    0,0932227075099945    2595,06616210938
7,646    0,0932227075099945    2595,06616210938
7,65    0,0932227075099945    2595,06616210938
7,654    0,0932227075099945    2595,06616210938
7,658    0,0932227075099945    2595,06616210938
7,662    0,0932227075099945    2595,06616210938
7,666    0,0932227075099945    2595,06616210938
7,67    0,0932227075099945    2595,06616210938
7,674    0,0932227075099945    2595,06616210938
7,678    0,0932227075099945    2595,06616210938
7,682    0,0931414738297462    2591,16455078125
7,686    0,0931414738297462    2591,16455078125
7,69    0,0931414738297462    2591,16455078125
7,694    0,0931414738297462    2591,16455078125
7,698    0,0931414738297462    2591,16455078125
7,702    0,0931414738297462    2591,16455078125
7,705    0,0931414738297462    2591,16455078125
7,709    0,0931414738297462    2591,16455078125
7,713    0,0931414738297462    2591,16455078125
7,717    0,0931414738297462    2591,16455078125
7,721    0,0931414738297462    2591,16455078125
7,725    0,0931414738297462    2591,16455078125
7,729    0,0931414738297462    2591,16455078125
7,733    0,0933039411902428    2585,77026367188
7,737    0,0933039411902428    2585,77026367188
7,741    0,0933039411902428    2585,77026367188
7,745    0,0933039411902428    2585,77026367188
7,749    0,0933039411902428    2585,77026367188
7,753    0,0933039411902428    2585,77026367188
7,757    0,0933039411902428    2585,77026367188
7,761    0,0933039411902428    2585,77026367188
7,765    0,0933039411902428    2585,77026367188
7,769    0,0933039411902428    2585,77026367188
7,773    0,0933039411902428    2585,77026367188
7,777    0,0933039411902428    2585,77026367188
7,78    0,0933039411902428    2585,77026367188
7,784    0,0932227075099945    2580,3759765625
7,788    0,0932227075099945    2580,3759765625
7,792    0,0932227075099945    2580,3759765625
7,796    0,0932227075099945    2580,3759765625
7,8    0,0932227075099945    2580,3759765625
7,804    0,0932227075099945    2580,3759765625
7,808    0,0932227075099945    2580,3759765625
7,812    0,0932227075099945    2580,3759765625
7,816    0,0932227075099945    2580,3759765625
7,82    0,0932227075099945    2580,3759765625
7,824    0,0932227075099945    2580,3759765625
7,828    0,0932227075099945    2580,3759765625
7,832    0,0932227075099945    2580,3759765625
7,836    0,0932227075099945    2580,3759765625
7,84    0,0932227075099945    2580,3759765625
7,843    0,0932227075099945    2580,3759765625
7,847    0,0932227075099945    2580,3759765625
7,851    0,0932227075099945    2580,3759765625
7,855    0,0932227075099945    2580,3759765625
7,859    0,0932227075099945    2580,3759765625
7,863    0,0932227075099945    2580,3759765625
7,867    0,0932227075099945    2580,3759765625
7,871    0,0932227075099945    2580,3759765625
7,875    0,0932227075099945    2580,3759765625
7,879    0,0932227075099945    2580,3759765625
7,883    0,0931414738297462    2572,38061523438
7,887    0,0931414738297462    2572,38061523438
7,891    0,0931414738297462    2572,38061523438
7,895    0,0931414738297462    2572,38061523438
7,899    0,0931414738297462    2572,38061523438
7,903    0,0931414738297462    2572,38061523438
7,907    0,0931414738297462    2572,38061523438
7,91    0,0931414738297462    2572,38061523438
7,914    0,0931414738297462    2572,38061523438
7,918    0,0931414738297462    2572,38061523438
7,922    0,0931414738297462    2572,38061523438
7,926    0,0931414738297462    2572,38061523438
7,93    0,0931414738297462    2572,38061523438
7,934    0,0930591970682144    2568,93774414063
7,938    0,0930591970682144    2568,93774414063
7,942    0,0930591970682144    2568,93774414063
7,946    0,0930591970682144    2568,93774414063
7,95    0,0930591970682144    2568,93774414063
7,954    0,0930591970682144    2568,93774414063
7,958    0,0930591970682144    2568,93774414063
7,962    0,0930591970682144    2568,93774414063
7,966    0,0930591970682144    2568,93774414063
7,97    0,0930591970682144    2568,93774414063
7,974    0,0930591970682144    2568,93774414063
7,978    0,0930591970682144    2568,93774414063
7,982    0,0930591970682144    2568,93774414063
7,985    0,0931414738297462    2565,341796875
7,989    0,0931414738297462    2565,341796875
7,993    0,0931414738297462    2565,341796875
7,997    0,0931414738297462    2565,341796875
